1009269193
1010616057932013571
1024390184090181633
1031591
1037321378
103761467
1045110018
1051127714
1051446626
1055730738
1055907624
1058051748
1058345042
1058460818
1058520120
1058717720
1058917562
1060370282
1060487274
1060984272
10615232
1065995022
1067541214671577093
1068481578
1068499286
1069124515
1071840474
1071900114
1072008757
1072467470
1074101017
1074129612
1074412920
1074480192
1074518754
1077121945
1077446982
1080509366
1083448909
1089334250
1089859058
109071031
109287731
1092979962
109579534
1096059529
110755266
111635980
112740986
1135486501
114388293
11522502
1155212191
1155335864
115979444
11651202
117501995
1209417007
1222257180
1240107944
124224165
1249982359
1260172386
1289319271
130901013
13218102
133832049
1339835893
1339931490
13491312
137794015
138770045
140519774
1410590874
14135426
14275291
1444015610
14984637
15007149
150078976
15141113
1531521632
15324851
153486399
15361570
153944899
15394954
154139987
1541518434
15428227
155669457
156333623
15745368
15751083
15764644
15808765
15954997
16056306
161411080
16160352
161743731
161791703
162069635
16256269
1635375612
163570705
164007407
164369297
168502762
171598736
172858784
17494010
17800215
17856665
17907578
17976923
18030431
18061669
18137749
181621546
18166778
18268819
18277655
183062944
1849261916
18632666
18695134
18696134
18805303
18906561
18909919
18915145
18916432
18967498
190328374
1908143071
19139963
19168067
19318314
193732179
193794406
193872188
19682187
19726613
19926675
199325935
20053279
20113797
202206694
20467163
20545793
20552026
20597460
20747881
210926192
21111098
211420609
21157904
21269970
21346398
21406834
216776631
216881337
217543151
219429281
22055226
221792092
22195441
22509548
22523087
2253968388
22545491
225921757
22669526
2279098645
229197216
231108733
23124635
231510077
23201727
2327941633
232992031
233693291
2337241560
233737858
233842454
233949261
234014087
234022257
234057152
234128524
234374703
234469322
234763384
234812598
234822928
235190657
235217558
235312723
23600262
236279233
236511574
2371339658
23725826
237299871
237312687
237348797
237750442
237763317
237862972
2382685057
23970171
23976316
239949176
240427862
240760644
240812994
24195214
242376736
242426145
242555999
242772524
242836537
242873057
242926427
2433737761
243418245
245451804
246341769
247334603
24735461
24745957
24768753
248495200
248735463
24913074
249348006
249410485
249787913
250188760
25073877
25086658
252249233
252819323
252819642
254082173
25781141
258900199
26051676
26057209
26062385
262192574
264219447
26424123
26637348
266719387
267854863
267938462
2696643955
2724095695
2750127259
27676828
278124059
278145569
279036722
281540744
28267055
2847221717
2852998461
2853309155
2856787757
28599820
28602948
2861616083
2862577383
2863006655
2863210809
2891210047
2914163523
2914515430
2916086925
291756142
29201047
2929491549
2930635215
293131808
29450962
29501253
2951574214
2953974395
2955485182
295685416
296245061
2962868158
2962891515
2963445730
296361085
2964287128
2964526557
2964877294
2965083477
2966205003
2966570782
2966765501
2968007206
2968451607
2970279814
2970462034
2973870195
2975091705
2976606250
29766367
299883942
30043495
3018670151
30216513
3026622545
30354991
303633791
303861808
3044993235
305216911
305620929
309070309
312134473
3122099613
31611298
317386234
31801993
32010840
323490669
334894942
33537967
33563161
33576489
33977070
342863309
343171266
344972339
34715823
3537275536
3609064098
364415553
365922043
36676406
36686040
368472546
3686482216
36948268
37094727
378631423
381152398
38254095
382791093
38520853
385429543
38970940
38978018
39249305
404132211
4049197462
409486555
41417564
426028646
431105217
432676344
432771620
432895323
44251742
442824717
456636692
460376288
46184745
462143773
467823431
4749863113
47724293
47747074
4797361833
479872233
48117116
482450423
484129385
486694111
487297085
50152441
50452197
510516465
51228911
515822213
516880804
518644221
52503751
533324996
550401754
5558312
55677432
558769636
56864092
581141508
584012853
584912320
58928690
600463589
603083228
60828944
61553835
69086398
710820198606106624
72198806
7270292
73303753
742735530287304704
7429102
74508260
75364211
756123897783808000
75785294
76452765
76649729
776664410
78403308
78445977
788075094711107584
789244177
796183515998068736
796736612554117120
799764016885329921
801255835
80612021
806583915012046854
806906355214852096
808416682972770304
811313565760163844
811986281177772032
813286
814103950404239360
814179031956488192
815241612154417152
815733290955112448
815952318487298048
815966620300480514
815985039485837312
816111677917851649
816131319033950208
816157667882373120
816181091673448448
816298918468259841
816303263586914304
816652616625168388
816683274076614656
816705409486618624
817076257770835968
817138492614524928
818460870573441028
818472418620608512
818536152588238849
818713465653051392
818910970567344128
818948638890217473
818975124460335106
819744763020775425
820830366713991168
821446682860732416
821763194372943872
821769014691168256
823552974253342721
82453460
826065858548133888
828613457020870657
828977216595849216
834069080
836305915452272641
838462994
84119348
842072478834909184
843636970538618880
851621377
85396297
854715071116849157
855240223432769538
85689484
85726335
862405301693296640
880480631108644864
88784440
88806753
90639372
912608010
92186819
926446070812602371
935033864
935368364
939091
93965901
941080085121175552
942156122
946549322
950328072
950783972
956283913835614208
960962340
963480595
968650362
970207298
975200486
976969338
977247448820305920
98471035
986781648
988573326376427520
993153006
995193054